anim={[0]={["Lg"]=CFrame.new(-0.689555287,0.150285125,-0.00862693787,0.933346987,-0.358975619,-2.2670217e-07,0.358975589,0.933346987,8.6125258e-09,1.61678514e-07,-6.74158684e-08,1),["To"]=CFrame.new(0,2.59430075,-2.59785199,1,0,-8.74227766e-08,8.68639773e-08,0.112885751,0.993608057,9.86878579e-09,-0.993608057,0.112885751),["Ht"]=CFrame.new(0,0,0,1,0,0,0,1,0,0,0,1),["Lm"]=CFrame.new(0.358482152,0.942532778,0.22769618,0.990049422,-0.0915710032,-0.106849603,-0.137777731,-0.476330221,-0.868404686,0.0286250599,0.874485254,-0.484207004),["Rm"]=CFrame.new(-0.477177083,1.00221527,0.212536097,0.980803072,0.090677835,0.172635168,0.193121865,-0.329084873,-0.924341381,-0.0270055756,0.939936578,-0.3402794),["Rg"]=CFrame.new(0.691339195,0.154891133,-0.0111368299,0.933346987,0.358975589,6.7867866e-08,-0.358975679,0.933347046,-1.34527795e-07,-4.73084079e-08,9.72181979e-08,1),["Hd"]=CFrame.new(8.90221301e-08,-1.49011612e-08,0.0182944536,1,-6.93280384e-08,8.72330901e-08,6.34351309e-08,0.997830868,0.0658297986,-9.16077809e-08,-0.0658297911,0.997830868)},[0.58333331346512]={["Lg"]=CFrame.new(0.400087982,0.763191581,-0.00862693787,0.0323240496,0.999477506,1.92331953e-07,-0.999477506,0.0323240161,7.27478593e-08,3.73053162e-08,-1.46185769e-07,1),["To"]=CFrame.new(0,1.02170002,-1.99322963,1,0,-8.74227766e-08,-3.10846922e-08,0.93465066,-0.355567425,8.17097572e-08,0.355567425,0.93465066),["Ht"]=CFrame.new(0,0,0,1,0,0,0,1,0,0,0,1),["Lm"]=CFrame.new(0.358481944,0.942532659,0.22769618,0.990049481,-0.0915711001,-0.106849633,-0.137777731,-0.47633031,-0.868404806,0.0286251307,0.874485135,-0.484206975),["Rm"]=CFrame.new(-0.477176905,1.00221562,0.212536097,0.980803013,0.0906779394,0.172635138,0.19312194,-0.329084843,-0.92434144,-0.027005678,0.939936578,-0.340279371),["Rg"]=CFrame.new(-0.426291645,0.847507358,-0.0111369491,0.0745093003,-0.997220397,2.01851009e-07,0.997220397,0.0745092183,2.07821216e-07,-1.57951135e-07,1.72300162e-07,1),["Hd"]=CFrame.new(8.9022123e-08,-1.78813934e-07,0.0182943344,1,-3.45687212e-08,7.98043018e-08,5.97629892e-08,0.939777434,-0.341787189,-6.31831369e-08,0.341787189,0.939777434)},[1.1666666269302]={["Lg"]=CFrame.new(-0.684532702,0.170443833,-0.00862693787,0.94186157,-0.336001456,-2.20609536e-07,0.336001456,0.94186157,4.24158557e-08,1.59791668e-07,-6.66715039e-08,1),["To"]=CFrame.new(0,2.58565807,-2.58246994,1,0,-8.74227695e-08,8.66447394e-08,0.133118391,0.991100132,1.16375807e-08,-0.991100132,0.133118391),["Ht"]=CFrame.new(0,0,0,1,0,0,0,1,0,0,0,1),["Lm"]=CFrame.new(0.358482182,0.942532539,0.22769618,0.990049541,-0.0915709808,-0.106849611,-0.137777731,-0.476330042,-0.868404746,0.0286250655,0.874485373,-0.484206945),["Rm"]=CFrame.new(-0.477177083,1.00221562,0.212536097,0.980803072,0.0906778201,0.172635168,0.19312188,-0.329084784,-0.92434144,-0.0270055868,0.939936578,-0.340279371),["Rg"]=CFrame.new(0.685545921,0.175691187,-0.0111368299,0.942010224,0.335584104,6.82779628e-08,-0.335584193,0.942010224,-1.03932599e-07,-4.92124954e-08,9.64607736e-08,1),["Hd"]=CFrame.new(8.90221159e-08,4.47034836e-08,0.018294096,1,-6.51815668e-08,8.88203076e-08,5.95092438e-08,0.998049319,0.0624313653,-9.27164692e-08,-0.0624313653,0.998049319)},[1.125]={["Lg"]=CFrame.new(-0.665517688,0.230834484,-0.00862699747,0.964605749,-0.2636967,-2.02895379e-07,0.2636967,0.964605689,2.2863631e-08,1.64862243e-07,-3.48808129e-08,1),["To"]=CFrame.new(0,2.55735207,-2.53514075,1,0,-8.74227837e-08,8.57387548e-08,0.195332363,0.98073715,1.70764949e-08,-0.98073715,0.195332363),["Ht"]=CFrame.new(0,0,0,1,0,0,0,1,0,0,0,1),["Lm"]=CFrame.new(0.358482033,0.942532897,0.22769618,0.990049481,-0.0915710032,-0.106849618,-0.137777716,-0.47633028,-0.868404806,0.0286250468,0.874485135,-0.484206945),["Rm"]=CFrame.new(-0.477176994,1.00221562,0.212536097,0.980803072,0.0906778648,0.172635153,0.193121865,-0.329085052,-0.92434144,-0.0270055626,0.939936519,-0.34027943),["Rg"]=CFrame.new(0.664237082,0.237731338,-0.0111368895,0.965043962,0.262088209,7.10873849e-08,-0.262088269,0.965043962,-1.32551449e-07,-5.336166e-08,9.4447131e-08,1),["Hd"]=CFrame.new(8.90221017e-08,-3.7252903e-08,0.0182942152,1,-6.12419768e-08,8.54176392e-08,5.67796938e-08,0.998683512,0.0512968525,-8.84466544e-08,-0.0512968525,0.998683512)},[1.25]={["Lg"]=CFrame.new(-0.689555287,0.150285125,-0.00862693787,0.933346987,-0.358975619,-2.2670217e-07,0.358975589,0.933346987,8.6125258e-09,1.61678514e-07,-6.74158684e-08,1),["To"]=CFrame.new(0,2.59430075,-2.59785199,1,0,-8.74227766e-08,8.68639773e-08,0.112885751,0.993608057,9.86878579e-09,-0.993608057,0.112885751),["Ht"]=CFrame.new(0,0,0,1,0,0,0,1,0,0,0,1),["Lm"]=CFrame.new(0.358482152,0.942532778,0.22769618,0.990049422,-0.0915710032,-0.106849603,-0.137777731,-0.476330221,-0.868404686,0.0286250599,0.874485254,-0.484207004),["Rm"]=CFrame.new(-0.477177083,1.00221527,0.212536097,0.980803072,0.090677835,0.172635168,0.193121865,-0.329084873,-0.924341381,-0.0270055756,0.939936578,-0.3402794),["Rg"]=CFrame.new(0.691339195,0.154891133,-0.0111368299,0.933346987,0.358975589,6.7867866e-08,-0.358975679,0.933347046,-1.34527795e-07,-4.73084079e-08,9.72181979e-08,1),["Hd"]=CFrame.new(8.90221301e-08,-1.49011612e-08,0.0182944536,1,-6.93280384e-08,8.72330901e-08,6.34351309e-08,0.997830868,0.0658297986,-9.16077809e-08,-0.0658297911,0.997830868)},[1.2083333730698]={["Lg"]=CFrame.new(-0.689555287,0.150285125,-0.00862693787,0.933346987,-0.358975619,-2.2670217e-07,0.358975589,0.933346987,8.6125258e-09,1.61678514e-07,-6.74158684e-08,1),["To"]=CFrame.new(0,2.59430075,-2.59785199,1,0,-8.74227766e-08,8.68639773e-08,0.112885751,0.993608057,9.86878579e-09,-0.993608057,0.112885751),["Ht"]=CFrame.new(0,0,0,1,0,0,0,1,0,0,0,1),["Lm"]=CFrame.new(0.358482152,0.942532778,0.22769618,0.990049422,-0.0915710032,-0.106849603,-0.137777731,-0.476330221,-0.868404686,0.0286250599,0.874485254,-0.484207004),["Rm"]=CFrame.new(-0.477177083,1.00221527,0.212536097,0.980803072,0.090677835,0.172635168,0.193121865,-0.329084873,-0.924341381,-0.0270055756,0.939936578,-0.3402794),["Rg"]=CFrame.new(0.691339195,0.154891133,-0.0111368299,0.933346987,0.358975589,6.7867866e-08,-0.358975679,0.933347046,-1.34527795e-07,-4.73084079e-08,9.72181979e-08,1),["Hd"]=CFrame.new(8.90221301e-08,-1.49011612e-08,0.0182944536,1,-6.93280384e-08,8.72330901e-08,6.34351309e-08,0.997830868,0.0658297986,-9.16077809e-08,-0.0658297911,0.997830868)},[0.625]={["Lg"]=CFrame.new(0.418084323,0.750334501,-0.00862693787,-0.000369548798,1,1.36815828e-07,-1,-0.000369548739,7.55828395e-08,5.03060988e-08,-1.19241591e-07,1),["To"]=CFrame.new(0,0.997512817,-2.00289178,1,0,-8.74227766e-08,-3.37678401e-08,0.922390342,-0.386259079,8.06379248e-08,0.386259079,0.922390342),["Ht"]=CFrame.new(0,0,0,1,0,0,0,1,0,0,0,1),["Lm"]=CFrame.new(0.358482063,0.942532539,0.22769618,0.990049481,-0.0915710926,-0.106849678,-0.13777782,-0.476330221,-0.868404865,0.0286250915,0.874485135,-0.484206885),["Rm"]=CFrame.new(-0.477176964,1.00221527,0.212536097,0.980803072,0.0906779394,0.172635168,0.193121955,-0.329084784,-0.92434144,-0.0270056836,0.939936519,-0.340279341),["Rg"]=CFrame.new(-0.446860969,0.837517738,-0.0111368895,0.0438633449,-0.999037623,1.97558734e-07,0.999037504,0.0438633375,2.14434365e-07,-1.58943678e-07,1.74979306e-07,1),["Hd"]=CFrame.new(8.9022123e-08,-5.96046448e-08,0.0182943344,1,-3.20017541e-08,7.87421328e-08,5.90208629e-08,0.928088546,-0.372359723,-6.11634974e-08,0.372359723,0.928088546)},[0.54166668653488]={["Lg"]=CFrame.new(0.368203074,0.783041358,-0.00862699747,0.0881519318,0.996107042,1.5438124e-07,-0.996107042,0.0881519318,9.2434e-08,5.18851486e-08,-1.41305136e-07,1),["To"]=CFrame.new(0,1.0641408,-1.97845483,1,0,-8.74227766e-08,-2.63765791e-08,0.953398824,-0.3017129,8.33487732e-08,0.3017129,0.953398824),["Ht"]=CFrame.new(0,0,0,1,0,0,0,1,0,0,0,1),["Lm"]=CFrame.new(0.358482063,0.94253242,0.22769618,0.990049541,-0.0915711299,-0.106849633,-0.137777835,-0.476330221,-0.868404746,0.0286251511,0.874485135,-0.484206915),["Rm"]=CFrame.new(-0.477177203,1.00221539,0.212536097,0.980803072,0.090677917,0.172635198,0.19312194,-0.329084814,-0.924341381,-0.0270056594,0.939936519,-0.340279311),["Rg"]=CFrame.new(-0.390569448,0.861714125,-0.0111368895,0.126443669,-0.991973817,2.7012328e-07,0.991973817,0.126443669,1.99842532e-07,-1.56342367e-07,1.97562258e-07,1),["Hd"]=CFrame.new(8.90221017e-08,5.96046448e-08,0.0182943344,1,-3.90112227e-08,8.1531752e-08,6.08830959e-08,0.957442284,-0.288624793,-6.6802329e-08,0.288624823,0.957442284)},[0.70833331346512]={["Lg"]=CFrame.new(0.411396414,0.742965579,-0.00862693787,0.000352055009,1,2.07577386e-07,-1,0.000352084811,9.49945331e-08,6.89067647e-08,-1.78783253e-07,1),["To"]=CFrame.new(0,1.00837255,-2.00058699,1,0,-8.74227837e-08,-3.33026264e-08,0.92460084,-0.380937696,8.0831164e-08,0.380937696,0.92460084),["Ht"]=CFrame.new(0,0,0,1,0,0,0,1,0,0,0,1),["Lm"]=CFrame.new(0.358482242,0.942532539,0.22769618,0.990049481,-0.0915711224,-0.106849641,-0.137777835,-0.476330221,-0.868404806,0.0286251474,0.874485135,-0.484206945),["Rm"]=CFrame.new(-0.477177143,1.00221515,0.212536097,0.980803013,0.0906780288,0.172635183,0.193121955,-0.329084814,-0.924341381,-0.0270057432,0.939936578,-0.340279341),["Rg"]=CFrame.new(-0.439686298,0.831667066,-0.0111368895,0.0453315228,-0.998972058,2.20537586e-07,0.998971999,0.0453314222,2.38406713e-07,-1.87807373e-07,2.04653389e-07,1),["Hd"]=CFrame.new(8.9022123e-08,5.96046448e-08,0.018294096,1,-4.80842957e-08,2.70945026e-08,5.47929844e-08,0.923866212,-0.382715553,-6.62909105e-09,0.382715553,0.923866212)},[1.0833333730698]={["Lg"]=CFrame.new(-0.621696055,0.327332616,-0.00862687826,0.99077791,-0.135495886,-1.94630871e-07,0.135495842,0.99077791,7.53596723e-08,1.43807313e-07,-6.23950527e-08,1),["To"]=CFrame.new(0,2.50263166,-2.45464492,1,0,-8.74227766e-08,8.33672047e-08,0.301045895,0.953609645,2.63182685e-08,-0.953609645,0.301045895),["Ht"]=CFrame.new(0,0,0,1,0,0,0,1,0,0,0,1),["Lm"]=CFrame.new(0.358482122,0.94253242,0.22769618,0.990049481,-0.0915709957,-0.106849618,-0.137777731,-0.47633028,-0.868404746,0.0286250599,0.874485195,-0.484206975),["Rm"]=CFrame.new(-0.477177024,1.00221503,0.212536097,0.980803072,0.090677835,0.172635168,0.193121925,-0.329084873,-0.92434144,-0.0270055681,0.939936578,-0.34027943),["Rg"]=CFrame.new(0.616933644,0.336072385,-0.0111368895,0.991215229,0.132258579,1.40708536e-07,-0.132258609,0.991215229,-1.73363588e-07,-9.01237698e-08,1.21961477e-07,1),["Hd"]=CFrame.new(8.9022123e-08,1.1920929e-07,0.0182943344,1,-5.51194432e-08,7.93192783e-08,5.27110693e-08,0.999548495,0.0300490595,-8.0939742e-08,-0.0300490595,0.999548495)},[1.0416666269302]={["Lg"]=CFrame.new(-0.539563715,0.446443617,-0.00862693787,0.998666346,0.05162967,-1.66722614e-07,-0.05162967,0.998666346,1.38140377e-09,1.21847719e-07,-2.10080153e-09,1),["To"]=CFrame.new(0,2.41060209,-2.3433404,1,0,-8.74227837e-08,7.81962441e-08,0.447146267,0.894460917,3.90907644e-08,-0.894460917,0.447146267),["Ht"]=CFrame.new(0,0,0,1,0,0,0,1,0,0,0,1),["Lm"]=CFrame.new(0.358481973,0.94253242,0.22769618,0.990049481,-0.0915710479,-0.106849566,-0.137777716,-0.47633034,-0.868404746,0.0286250561,0.874485075,-0.484207004),["Rm"]=CFrame.new(-0.477176875,1.00221539,0.212536097,0.980803132,0.0906778648,0.172635078,0.193121895,-0.329084963,-0.924341381,-0.0270056035,0.939936519,-0.34027943),["Rg"]=CFrame.new(0.531308174,0.456343055,-0.0111368299,0.998428106,-0.0560490638,1.66720682e-07,0.0560489893,0.998428106,-1.24035992e-07,-1.04046627e-07,1.21330942e-07,1),["Hd"]=CFrame.new(8.90221088e-08,2.98023224e-08,0.0182944536,1,-4.7802466e-08,7.01120655e-08,4.81134954e-08,0.999990225,-0.004442662,-6.98989524e-08,0.00444266247,0.999990165)},[0.04166666790843]={["Lg"]=CFrame.new(-0.683221042,0.17609936,-0.00862693787,0.943484843,-0.331415892,-2.09416868e-07,0.331415832,0.943484783,1.15451435e-08,1.46723877e-07,-9.6331938e-08,1),["To"]=CFrame.new(0,2.58065033,-2.58005285,1,0,-8.74227766e-08,8.66023271e-08,0.136680841,0.990615189,1.19490187e-08,-0.990615189,0.136680841),["Ht"]=CFrame.new(0,0,0,1,0,0,0,1,0,0,0,1),["Lm"]=CFrame.new(0.358482093,0.942531824,0.22769618,0.990049541,-0.0915710106,-0.106849603,-0.137777731,-0.47633028,-0.868404746,0.0286250561,0.874485195,-0.484206975),["Rm"]=CFrame.new(-0.477177054,1.00221467,0.212536097,0.980803072,0.0906778201,0.172635168,0.193121895,-0.329084784,-0.92434144,-0.027005583,0.939936578,-0.34027943),["Rg"]=CFrame.new(0.686260939,0.180875659,-0.0111368895,0.943267167,0.332034945,7.30340162e-08,-0.332035005,0.943267107,-1.332224e-07,-4.81181779e-08,9.63509521e-08,1),["Hd"]=CFrame.new(8.90220946e-08,-3.7252903e-08,0.0182937384,1,-6.30236983e-08,7.77677585e-08,5.53270212e-08,0.995450318,0.0952828601,-8.34190104e-08,-0.0952828601,0.995450318)},[0.08333333581686]={["Lg"]=CFrame.new(-0.658797741,0.252587736,-0.00862687826,0.969545484,-0.244911313,-2.0948552e-07,0.244911298,0.969545543,5.76667141e-08,1.54292394e-07,-9.40535614e-08,1),["To"]=CFrame.new(0,2.53655505,-2.52544832,1,0,-8.74227837e-08,8.54806999e-08,0.209609002,0.977785349,1.83245987e-08,-0.977785349,0.209609002),["Ht"]=CFrame.new(0,0,0,1,0,0,0,1,0,0,0,1),["Lm"]=CFrame.new(0.358482122,0.942532301,0.22769618,0.990049481,-0.0915710256,-0.106849641,-0.137777746,-0.47633037,-0.868404806,0.0286250524,0.874485195,-0.484206975),["Rm"]=CFrame.new(-0.477176964,1.00221491,0.212536097,0.980803013,0.0906778574,0.172635183,0.19312191,-0.329084933,-0.924341381,-0.0270055644,0.939936578,-0.340279341),["Rg"]=CFrame.new(0.665038824,0.258475542,-0.0111368299,0.968969166,0.247181833,7.42687121e-08,-0.247181907,0.968969166,-1.31561919e-07,-5.50392798e-08,9.41039957e-08,1),["Hd"]=CFrame.new(8.90221017e-08,-1.49011612e-08,0.0182942152,1,-4.3219476e-08,4.83967462e-08,3.34687371e-08,0.98256731,0.185907513,-5.55877868e-08,-0.185907513,0.98256731)},[0.375]={["Lg"]=CFrame.new(0.129536197,0.858144879,-0.00862699747,0.447839081,0.894114196,7.42222852e-08,-0.894114196,0.447839141,1.36971948e-07,7.50391109e-08,-1.09860352e-07,1),["To"]=CFrame.new(0,1.37663031,-1.94333375,1,0,-8.74227766e-08,7.03616099e-09,0.996755898,0.0804843009,8.71391705e-08,-0.0804843009,0.996755898),["Ht"]=CFrame.new(0,0,0,1,0,0,0,1,0,0,0,1),["Lm"]=CFrame.new(0.358482122,0.942532659,0.22769618,0.990049481,-0.0915710479,-0.106849588,-0.137777731,-0.476330072,-0.868404686,0.0286251158,0.874485195,-0.484207064),["Rm"]=CFrame.new(-0.477176845,1.0022155,0.212536097,0.980803072,0.0906777754,0.172635168,0.193121821,-0.329084873,-0.924341381,-0.0270055141,0.939936578,-0.3402794),["Rg"]=CFrame.new(-0.145598039,0.893123627,-0.0111368895,0.457436591,-0.889242351,2.39715177e-07,0.889242291,0.457436532,1.37326566e-07,-1.77729163e-07,1.38823637e-07,1),["Hd"]=CFrame.new(8.90221372e-08,2.98023224e-08,0.0182942152,1,-6.16480804e-08,-1.54666857e-08,6.24858174e-08,0.998090088,0.0617759153,1.16287691e-08,-0.0617759153,0.998090088)},[0.33333334326744]={["Lg"]=CFrame.new(0.0286557972,0.840508819,-0.00862693787,0.568396568,0.822754681,3.860373e-08,-0.822754681,0.568396628,1.45039351e-07,6.79307632e-08,-9.93208005e-08,1),["To"]=CFrame.new(0,1.52869296,-1.95909607,1,0,-8.74227766e-08,2.01349586e-08,0.973115623,0.230317086,8.50724717e-08,-0.230317086,0.973115623),["Ht"]=CFrame.new(0,0,0,1,0,0,0,1,0,0,0,1),["Lm"]=CFrame.new(0.358482122,0.942532659,0.22769618,0.990049481,-0.0915710181,-0.106849611,-0.137777776,-0.47633031,-0.868404686,0.0286250692,0.874485135,-0.484207034),["Rm"]=CFrame.new(-0.477176905,1.00221539,0.212536097,0.980803072,0.0906779319,0.172635242,0.19312194,-0.329084963,-0.924341381,-0.0270056203,0.939936519,-0.34027952),["Rg"]=CFrame.new(-0.0422750115,0.87065798,-0.0111369491,0.574178457,-0.818730295,2.1315455e-07,0.818730235,0.574178398,9.20876175e-08,-1.57322376e-07,9.88153559e-08,1),["Hd"]=CFrame.new(8.90221372e-08,8.94069672e-08,0.0182943344,1,-5.97210601e-08,-4.39585368e-10,5.91351998e-08,0.98910594,0.147206098,-8.35650127e-09,-0.147206098,0.98910594)},[0.41666665673256]={["Lg"]=CFrame.new(0.205437556,0.851669431,-0.00862699747,0.34655869,0.938028276,1.30021576e-07,-0.938028276,0.34655872,1.25952297e-07,4.26763975e-08,-1.1871446e-07,1),["To"]=CFrame.new(0,1.27375293,-1.94223332,1,0,-8.74227766e-08,-3.12368287e-09,0.999361455,-0.035730768,8.73669563e-08,0.035730768,0.999361455),["Ht"]=CFrame.new(0,0,0,1,0,0,0,1,0,0,0,1),["Lm"]=CFrame.new(0.358482033,0.942532659,0.22769618,0.990049541,-0.0915710852,-0.106849611,-0.13777779,-0.476330221,-0.868404686,0.0286251213,0.874485135,-0.484207153),["Rm"]=CFrame.new(-0.477176905,1.00221562,0.212536097,0.980803132,0.0906778574,0.172635153,0.193121895,-0.329084843,-0.92434144,-0.0270055924,0.939936519,-0.34027946),["Rg"]=CFrame.new(-0.22140643,0.89621979,-0.0111369491,0.362669855,-0.931917787,2.31306501e-07,0.931917787,0.362669796,1.65189064e-07,-1.66206519e-07,1.47108338e-07,1),["Hd"]=CFrame.new(8.90221301e-08,-2.23517418e-08,0.0182945728,1,-6.08137327e-08,8.73792274e-08,6.35413855e-08,0.999501824,-0.0315630473,-8.54162252e-08,0.0315630473,0.999501824)},[0.83333331346512]={["Lg"]=CFrame.new(0.190810889,0.737546682,-0.00862693787,0.286174059,0.958177686,9.93005642e-08,-0.958177745,0.286174059,1.24219042e-07,4.43286545e-08,-9.41912006e-08,1),["To"]=CFrame.new(0,1.36786485,-1.93381751,1,0,-8.74227766e-08,-4.39409797e-09,0.998736024,-0.0502626225,8.7312273e-08,0.0502626225,0.998736024),["Ht"]=CFrame.new(0,0,0,1,0,0,0,1,0,0,0,1),["Lm"]=CFrame.new(0.358481944,0.94253242,0.22769618,0.990049481,-0.0915710405,-0.106849596,-0.137777731,-0.476330161,-0.868404806,0.0286251139,0.874485254,-0.484206885),["Rm"]=CFrame.new(-0.477177054,1.00221527,0.212536097,0.980803132,0.0906779394,0.172635183,0.19312191,-0.329084933,-0.924341381,-0.0270056631,0.939936519,-0.34027949),["Rg"]=CFrame.new(-0.198061168,0.798539639,-0.0111369491,0.312628239,-0.949875593,1.73779256e-07,0.949875593,0.31262821,1.64442014e-07,-1.49198257e-07,1.21680827e-07,1),["Hd"]=CFrame.new(8.90220946e-08,-1.93715096e-07,0.018294096,1,-4.49674467e-08,1.48941171e-08,4.73694008e-08,0.950682521,-0.310165673,-2.12211582e-10,0.310165673,0.950682521)},[1]={["Lg"]=CFrame.new(-0.412835896,0.563537955,-0.00862693787,0.958239734,0.285966337,-1.07257875e-07,-0.285966426,0.958239675,1.51833348e-07,1.14929627e-07,-9.504204e-08,1),["To"]=CFrame.new(0,2.26908588,-2.21221447,1,0,-8.74227837e-08,6.86296815e-08,0.619455159,0.785032153,5.41544836e-08,-0.785032153,0.619455159),["Ht"]=CFrame.new(0,0,0,1,0,0,0,1,0,0,0,1),["Lm"]=CFrame.new(0.358482242,0.942532539,0.22769618,0.990049541,-0.091571115,-0.106849506,-0.137777731,-0.476330429,-0.868404686,0.0286251251,0.874485135,-0.484207034),["Rm"]=CFrame.new(-0.477176905,1.00221562,0.212536097,0.980803072,0.0906778723,0.172635183,0.19312188,-0.329084933,-0.924341381,-0.0270055868,0.939936578,-0.3402794),["Rg"]=CFrame.new(0.403151572,0.574307561,-0.0111368299,0.957106471,-0.289736927,1.93450376e-07,0.289736867,0.957106411,-2.33073258e-08,-1.12266008e-07,6.53387815e-08,1),["Hd"]=CFrame.new(8.9022123e-08,0,0.0182943344,1,-4.10260874e-08,5.78305155e-08,4.41111503e-08,0.998519421,-0.0543966666,-5.55131727e-08,0.0543966666,0.99851948)},[0.20833332836628]={["Lg"]=CFrame.new(-0.376636565,0.631257772,-0.00862687826,0.941902816,0.335885584,-8.12700875e-08,-0.335885584,0.941902816,1.04767885e-07,7.75182798e-08,-6.66679227e-08,1),["To"]=CFrame.new(0,2.1502862,-2.19006205,1,0,-8.74227837e-08,6.58604549e-08,0.657613099,0.75335592,5.74903574e-08,-0.75335592,0.657613099),["Ht"]=CFrame.new(0,0,0,1,0,0,0,1,0,0,0,1),["Lm"]=CFrame.new(0.358482182,0.942532539,0.22769618,0.990049481,-0.091571115,-0.106849559,-0.137777761,-0.47633034,-0.868404627,0.0286251288,0.874485016,-0.484207153),["Rm"]=CFrame.new(-0.477176964,1.00221527,0.212536097,0.980803072,0.0906778425,0.172635123,0.193121806,-0.329084933,-0.924341381,-0.0270056073,0.939936578,-0.3402794),["Rg"]=CFrame.new(0.383790076,0.652669907,-0.0111368895,0.943998694,-0.329949439,1.9563798e-07,0.329949468,0.943998635,-5.50344232e-08,-1.14859205e-07,9.62870175e-08,1),["Hd"]=CFrame.new(8.90221159e-08,5.96046448e-08,0.0182943344,1,-9.53839603e-08,8.14298105e-08,5.92149654e-08,0.931447923,0.363874763,-1.10555398e-07,-0.363874763,0.931447923)},[0.91666668653488]={["Lg"]=CFrame.new(-0.0868881643,0.703088164,-0.00862693787,0.670517147,0.741894126,-3.22214255e-08,-0.741894186,0.670517147,1.33875375e-07,7.46845998e-08,-6.05908852e-08,1),["To"]=CFrame.new(0,1.83575892,-1.98699319,1,0,-8.74227837e-08,3.45233673e-08,0.918723643,0.394901365,8.03173634e-08,-0.394901365,0.918723643),["Ht"]=CFrame.new(0,0,0,1,0,0,0,1,0,0,0,1),["Lm"]=CFrame.new(0.358482182,0.942532539,0.22769618,0.990049481,-0.0915710479,-0.106849588,-0.137777746,-0.47633037,-0.868404746,0.0286250953,0.874485075,-0.484207064),["Rm"]=CFrame.new(-0.477176905,1.00221574,0.212536097,0.980803132,0.0906778499,0.172635213,0.19312185,-0.329084873,-0.92434144,-0.027005529,0.939936519,-0.3402794),["Rg"]=CFrame.new(0.0831360519,0.727660775,-0.0111369491,0.67551142,-0.73734957,2.25249224e-07,0.73734957,0.67551136,7.99834083e-08,-1.42596406e-07,1.19758923e-07,1),["Hd"]=CFrame.new(8.90221301e-08,1.78813934e-07,0.0182945728,1,-3.68599693e-08,3.00573113e-08,4.18766319e-08,0.981976032,-0.189005792,-2.25487895e-08,0.189005792,0.981976032)},[0.75]={["Lg"]=CFrame.new(0.367288172,0.743033886,-0.00862699747,0.0515129864,0.998672366,1.56664342e-07,-0.998672366,0.051512979,8.91290455e-08,5.1665392e-08,-1.14705884e-07,1),["To"]=CFrame.new(0,1.07550323,-1.98125589,1,0,-8.74227766e-08,-2.80897439e-08,0.946974337,-0.321309209,8.27871247e-08,0.321309209,0.946974337),["Ht"]=CFrame.new(0,0,0,1,0,0,0,1,0,0,0,1),["Lm"]=CFrame.new(0.358482003,0.942532659,0.22769618,0.990049481,-0.0915710926,-0.106849633,-0.137777776,-0.47633037,-0.868404746,0.0286251176,0.874485135,-0.484206975),["Rm"]=CFrame.new(-0.477177024,1.00221574,0.212536097,0.980803072,0.0906779394,0.172635123,0.193121925,-0.329084873,-0.92434144,-0.0270056706,0.939936519,-0.34027946),["Rg"]=CFrame.new(-0.390447885,0.827884793,-0.0111368895,0.0935852006,-0.99561137,1.98012032e-07,0.99561137,0.0935851634,2.28462966e-07,-1.71249667e-07,1.70632447e-07,1),["Hd"]=CFrame.new(8.90221159e-08,-5.96046448e-08,0.0182943344,1,-4.97612334e-08,1.92704963e-08,5.33587681e-08,0.928305387,-0.371818602,6.13234796e-10,0.371818602,0.928305447)},[0.66666668653488]={["Lg"]=CFrame.new(0.424669325,0.744513035,-0.00862699747,-0.0130085666,0.999915361,2.1124589e-07,-0.999915421,-0.0130085321,9.1209003e-08,6.83210502e-08,-1.79951158e-07,1),["To"]=CFrame.new(0,0.988593936,-2.00669122,1,0,-8.74227766e-08,-3.4757246e-08,0.917569041,-0.397576541,8.02164308e-08,0.397576541,0.917569041),["Ht"]=CFrame.new(0,0,0,1,0,0,0,1,0,0,0,1),["Lm"]=CFrame.new(0.358481944,0.942532539,0.22769618,0.990049481,-0.0915711448,-0.106849603,-0.137777835,-0.476330191,-0.868404686,0.0286251884,0.874485195,-0.484207004),["Rm"]=CFrame.new(-0.477176905,1.0022155,0.212536097,0.980803072,0.0906780139,0.172635168,0.193121925,-0.329084873,-0.92434144,-0.0270057712,0.939936519,-0.34027943),["Rg"]=CFrame.new(-0.454475671,0.83333838,-0.0111370087,0.0322917029,-0.999478519,1.89994537e-07,0.999478459,0.0322916545,2.30529849e-07,-1.74376851e-07,1.75990905e-07,1),["Hd"]=CFrame.new(8.9022123e-08,-1.78813934e-07,0.0182944536,1,-4.38991208e-08,3.81284764e-08,5.51691564e-08,0.923452318,-0.383713394,-1.83651423e-08,0.383713394,0.923452318)},[0.875]={["Lg"]=CFrame.new(0.0636561662,0.726626873,-0.00862693787,0.469122827,0.883132994,4.93596701e-08,-0.883133054,0.469122797,1.54500754e-07,6.70410856e-08,-1.07999611e-07,1),["To"]=CFrame.new(0,1.58896756,-1.93832934,1,0,-8.74227766e-08,1.40012624e-08,0.98709178,0.160155773,8.62943068e-08,-0.160155773,0.98709178),["Ht"]=CFrame.new(0,0,0,1,0,0,0,1,0,0,0,1),["Lm"]=CFrame.new(0.358481944,0.942532659,0.22769618,0.990049541,-0.0915710628,-0.106849588,-0.137777746,-0.476330131,-0.868404686,0.0286251511,0.874485195,-0.484207064),["Rm"]=CFrame.new(-0.477176905,1.00221562,0.212536097,0.980803132,0.0906777903,0.172635168,0.193121821,-0.329084933,-0.924341381,-0.0270055346,0.939936578,-0.340279371),["Rg"]=CFrame.new(-0.0663845986,0.768555641,-0.0111370087,0.484059572,-0.875035167,2.12498023e-07,0.875035107,0.484059513,9.11031179e-08,-1.38657526e-07,1.36496126e-07,1),["Hd"]=CFrame.new(8.90221301e-08,-5.96046448e-08,0.0182943344,1,-4.02744398e-08,1.9929022e-08,4.40328947e-08,0.966713846,-0.25586009,-8.96102037e-09,0.25586009,0.966713846)},[0.79166668653488]={["Lg"]=CFrame.new(0.292926967,0.742202461,-0.00862687826,0.145484433,0.989360571,1.6648255e-07,-0.989360631,0.145484433,1.13636105e-07,5.8010972e-08,-1.36293011e-07,1),["To"]=CFrame.new(0,1.19454741,-1.95466292,1,0,-8.74227766e-08,-1.85825506e-08,0.977148116,-0.212559611,8.54250004e-08,0.212559611,0.977148116),["Ht"]=CFrame.new(0,0,0,1,0,0,0,1,0,0,0,1),["Lm"]=CFrame.new(0.358482003,0.942532659,0.22769618,0.990049541,-0.0915710926,-0.106849603,-0.137777776,-0.47633031,-0.868404746,0.0286251232,0.874485195,-0.484207034),["Rm"]=CFrame.new(-0.477176785,1.00221503,0.212536097,0.980803013,0.0906778798,0.172635183,0.19312191,-0.329084843,-0.92434144,-0.0270056166,0.939936578,-0.340279371),["Rg"]=CFrame.new(-0.308240056,0.818127632,-0.0111370087,0.181457818,-0.983398736,2.17865022e-07,0.983398795,0.181457713,1.90287665e-07,-1.67783526e-07,1.62950428e-07,1),["Hd"]=CFrame.new(8.90221088e-08,-1.1920929e-07,0.0182943344,1,-4.85978404e-08,1.4951052e-08,5.07615887e-08,0.937304437,-0.348511696,2.92323099e-09,0.348511726,0.937304437)},[0.95833331346512]={["Lg"]=CFrame.new(-0.253131658,0.652366638,-0.00862705708,0.846591413,0.53224349,-8.6362391e-08,-0.532243431,0.846591413,1.19846234e-07,1.17814373e-07,-4.51979822e-08,1),["To"]=CFrame.new(0,2.07309675,-2.08403587,1,0,-8.74227766e-08,5.37432214e-08,0.788721442,0.614750803,6.89522182e-08,-0.614750803,0.788721442),["Ht"]=CFrame.new(0,0,0,1,0,0,0,1,0,0,0,1),["Lm"]=CFrame.new(0.358482003,0.942532659,0.22769618,0.990049481,-0.0915709361,-0.106849514,-0.137777686,-0.47633037,-0.868404686,0.0286250506,0.874485195,-0.484207004),["Rm"]=CFrame.new(-0.477176905,1.00221539,0.212536097,0.980803013,0.090677686,0.172635227,0.193121985,-0.329084843,-0.924341381,-0.027005462,0.939936578,-0.340279341),["Rg"]=CFrame.new(0.245522439,0.666670799,-0.0111370087,0.846337855,-0.532646537,1.97170394e-07,0.532646418,0.846337855,4.86320317e-10,-1.26975962e-07,1.04824778e-07,1),["Hd"]=CFrame.new(8.9022123e-08,-3.57627869e-07,0.0182943344,1,-3.69233319e-08,4.36409415e-08,4.18269757e-08,0.992977381,-0.118304446,-3.89662631e-08,0.118304446,0.992977381)},[0.16666667163372]={["Lg"]=CFrame.new(-0.507448375,0.50584352,-0.00862693787,0.994186521,0.107671969,-1.579306e-07,-0.107672028,0.994186521,1.07967729e-07,1.25446007e-07,-6.20971079e-08,1),["To"]=CFrame.new(0,2.32634687,-2.31685972,1,0,-8.74227766e-08,7.63089076e-08,0.487948895,0.872872174,4.26578488e-08,-0.872872174,0.487948895),["Ht"]=CFrame.new(0,0,0,1,0,0,0,1,0,0,0,1),["Lm"]=CFrame.new(0.358482122,0.942532659,0.22769618,0.990049481,-0.0915710405,-0.106849566,-0.137777731,-0.47633034,-0.868404746,0.0286251046,0.874485135,-0.484207034),["Rm"]=CFrame.new(-0.477176785,1.00221503,0.212536097,0.980803072,0.0906778872,0.172635093,0.19312188,-0.329084963,-0.924341381,-0.0270056147,0.939936519,-0.34027949),["Rg"]=CFrame.new(0.518058121,0.520733714,-0.0111368299,0.994796216,-0.101884611,1.61758152e-07,0.101884469,0.994796276,-9.00871981e-08,-8.46759889e-08,9.18461325e-08,1),["Hd"]=CFrame.new(8.90221088e-08,0,0.0182942152,1,1.55985447e-08,-4.58767566e-08,3.14667048e-09,0.923867106,0.382713705,4.83537761e-08,-0.382713705,0.923867106)},[0.29166665673256]={["Lg"]=CFrame.new(-0.093482703,0.797763944,-0.00862693787,0.703551173,0.710644662,-3.90515922e-08,-0.710644662,0.703551173,1.49021901e-07,1.04562922e-07,-5.7702934e-08,1),["To"]=CFrame.new(0,1.72285843,-2.00132418,1,0,-8.74227766e-08,3.55445415e-08,0.913614213,0.406582147,7.98706878e-08,-0.406582147,0.913614213),["Ht"]=CFrame.new(0,0,0,1,0,0,0,1,0,0,0,1),["Lm"]=CFrame.new(0.358482122,0.942532182,0.22769618,0.990049541,-0.0915711895,-0.106849536,-0.137777701,-0.47633031,-0.868404746,0.0286251903,0.874485135,-0.484207034),["Rm"]=CFrame.new(-0.477177203,1.00221527,0.212536097,0.980803072,0.090677917,0.172635168,0.193121821,-0.329084933,-0.92434144,-0.027005611,0.939936578,-0.34027949),["Rg"]=CFrame.new(0.0855158567,0.826006532,-0.0111369491,0.707654715,-0.706558466,2.38271781e-07,0.706558406,0.707654715,3.96835738e-08,-1.29501757e-07,1.16948804e-07,1),["Hd"]=CFrame.new(8.90221088e-08,5.96046448e-08,0.0182942152,1,-6.27349621e-08,2.44303084e-08,5.57504443e-08,0.97507304,0.221884459,-3.77412412e-08,-0.221884459,0.97507304)},[0.125]={["Lg"]=CFrame.new(-0.60347867,0.370125353,-0.00862693787,0.995403588,-0.0957691073,-1.79582599e-07,0.0957690626,0.995403588,1.08642098e-07,1.30493774e-07,-1.2159532e-07,1),["To"]=CFrame.new(0,2.45455575,-2.43494225,1,0,-8.74227837e-08,8.2514056e-08,0.330371708,0.943850935,2.88820097e-08,-0.943850935,0.330371708),["Ht"]=CFrame.new(0,0,0,1,0,0,0,1,0,0,0,1),["Lm"]=CFrame.new(0.358482122,0.94253242,0.22769618,0.990049481,-0.0915710852,-0.106849603,-0.137777746,-0.476330459,-0.868404686,0.0286250841,0.874485075,-0.484207153),["Rm"]=CFrame.new(-0.477177143,1.0022155,0.212536097,0.980803132,0.0906778276,0.172635138,0.193121895,-0.329084873,-0.924341381,-0.0270055737,0.939936578,-0.340279371),["Rg"]=CFrame.new(0.613126934,0.379270732,-0.0111368895,0.994978368,0.100090735,1.24777245e-07,-0.100090832,0.994978309,-1.45812265e-07,-7.92422412e-08,1.21632539e-07,1),["Hd"]=CFrame.new(8.90221088e-08,-5.96046448e-08,0.018294096,1,-1.2619644e-08,3.48348927e-09,1.09445359e-08,0.951868415,0.306507289,-7.18374604e-09,-0.306507289,0.951868415)},[0.25]={["Lg"]=CFrame.new(-0.231975049,0.729042292,-0.00862693787,0.837261021,0.546803534,-2.24049401e-08,-0.546803474,0.837261021,1.46521984e-07,7.88431223e-08,-7.58159047e-08,1),["To"]=CFrame.new(0,1.93986714,-2.07906532,1,0,-8.74227766e-08,5.16005194e-08,0.807227015,0.590241134,7.05700245e-08,-0.590241134,0.807227015),["Ht"]=CFrame.new(0,0,0,1,0,0,0,1,0,0,0,1),["Lm"]=CFrame.new(0.358481765,0.942532659,0.22769618,0.990049481,-0.0915708393,-0.106849574,-0.137777656,-0.476330221,-0.868404746,0.028624909,0.874485195,-0.484207004),["Rm"]=CFrame.new(-0.477176905,1.00221562,0.212536097,0.980803132,0.0906777009,0.172635183,0.19312194,-0.329084873,-0.92434144,-0.0270054918,0.939936578,-0.340279371),["Rg"]=CFrame.new(0.23191601,0.755131006,-0.0111368895,0.840515196,-0.541788161,2.22857111e-07,0.541788101,0.840515077,-9.57087209e-09,-1.31528537e-07,1.05333719e-07,1),["Hd"]=CFrame.new(8.9022123e-08,-1.1920929e-07,0.0182944536,1,-7.44096269e-08,5.41338601e-08,5.53072326e-08,0.956209898,0.292681962,-7.35416918e-08,-0.292681992,0.956209838)},[0.5]={["Lg"]=CFrame.new(0.322562397,0.807223141,-0.00862693787,0.16477114,0.98633194,1.6861695e-07,-0.98633194,0.164771169,9.72956329e-08,5.40400436e-08,-1.64409244e-07,1),["To"]=CFrame.new(0,1.12410474,-1.96205044,1,0,-8.74227766e-08,-1.97245917e-08,0.974214673,-0.225623026,8.51685513e-08,0.225623026,0.974214673),["Ht"]=CFrame.new(0,0,0,1,0,0,0,1,0,0,0,1),["Lm"]=CFrame.new(0.358482182,0.942532301,0.22769618,0.990049481,-0.0915710405,-0.106849596,-0.137777731,-0.47633034,-0.868404746,0.0286250785,0.874485135,-0.484207034),["Rm"]=CFrame.new(-0.477177143,1.00221527,0.212536097,0.980803132,0.0906778723,0.172635198,0.19312191,-0.329084963,-0.92434144,-0.0270055886,0.939936519,-0.3402794),["Rg"]=CFrame.new(-0.34102416,0.87654233,-0.0111370087,0.196875677,-0.980428576,2.13990589e-07,0.980428517,0.196875617,1.93655438e-07,-1.71938851e-07,1.61602586e-07,1),["Hd"]=CFrame.new(8.90220946e-08,2.98023224e-08,0.018294096,1,-4.52320918e-08,8.3656218e-08,6.21068352e-08,0.976773739,-0.214273676,-7.20211517e-08,0.214273676,0.976773739)},[0.45833334326744]={["Lg"]=CFrame.new(0.266689867,0.831322193,-0.00862699747,0.25402087,0.96719873,1.21023135e-07,-0.96719873,0.254020929,1.16130238e-07,5.30507833e-08,-9.70021219e-08,1),["To"]=CFrame.new(0,1.19627035,-1.94884253,1,0,-8.74227766e-08,-1.1719048e-08,0.990974545,-0.13405028,8.66337473e-08,0.13405028,0.990974545),["Ht"]=CFrame.new(0,0,0,1,0,0,0,1,0,0,0,1),["Lm"]=CFrame.new(0.358482063,0.942532539,0.22769618,0.990049481,-0.0915711075,-0.106849603,-0.137777776,-0.47633031,-0.868404686,0.02862514,0.874485135,-0.484207034),["Rm"]=CFrame.new(-0.477177054,1.00221527,0.212536097,0.980803132,0.0906778723,0.172635153,0.19312191,-0.329084843,-0.92434144,-0.027005624,0.939936519,-0.340279341),["Rg"]=CFrame.new(-0.282762289,0.888499796,-0.0111368895,0.27827391,-0.96050179,1.9418178e-07,0.96050185,0.278273761,1.69072692e-07,-1.68887667e-07,1.54486514e-07,1),["Hd"]=CFrame.new(8.9022123e-08,0,0.0182944536,1,-5.27135384e-08,8.5728395e-08,6.30729105e-08,0.992066026,-0.125718012,-7.84211878e-08,0.125718012,0.992066026)}}counter={0,0.04166666790843,0.08333333581686,0.125,0.16666667163372,0.20833332836628,0.25,0.29166665673256,0.33333334326744,0.375,0.41666665673256,0.45833334326744,0.5,0.54166668653488,0.58333331346512,0.625,0.66666668653488,0.70833331346512,0.75,0.79166668653488,0.83333331346512,0.875,0.91666668653488,0.95833331346512,1,1.0416666269302,1.0833333730698,1.125,1.1666666269302,1.2083333730698,1.25}count=0;char=game.Players.LocalPlayer.Character;hhhh=game.Players.LocalPlayer.Character.Humanoid;for a,b in pairs(char.Humanoid:GetPlayingAnimationTracks())do b:Stop()end;local c=Instance.new("Sound",game.Players.LocalPlayer.Character.Head)c.SoundId="rbxassetid://1255459348"c.Looped=true;c:Play()while wait()do for d,b in pairs(counter)do b=anim[b]if b["Lg"]then char.Torso["Left Hip"].Transform=b["Lg"]end;if b["Rg"]then char.Torso["Right Hip"].Transform=b["Rg"]end;if b["Lm"]then char.Torso["Left Shoulder"].Transform=b["Lm"]end;if b["Rm"]then char.Torso["Right Shoulder"].Transform=b["Rm"]end;if b["To"]then char.HumanoidRootPart["RootJoint"].Transform=b["To"]end;if b["Hd"]then char.Torso["Neck"].Transform=b["Hd"]end;game.RunService.RenderStepped:wait()game.RunService.RenderStepped:wait()end end
